7418
282 135
438 285
506 360
262 157
223 204
473 170
599 150
586 415
408 242
335 260
495 263
487 315
525 284
525 283
280 398
362 474
437 211
399 67
353 104
352 104
159 265
152 262
149 260
506 358
589 336
471 202
471 201
101 185
295 203
415 440
416 440
639 392
576 252
575 253
512 284
511 285
474 290
474 289
281 260
280 259
46 333
45 334
330 130
330 131
556 346
556 347
363 346
364 346
86 144
86 145
151 260
152 261
159 157
159 156
159 155
263 157
264 157
223 206
222 205
157 436
157 435
157 434
110 187
109 187
380 299
379 299
620 134
619 133
61 222
62 222
344 225
343 226
336 210
337 210
338 210
49 207
50 207
364 423
364 422
383 267
382 266
597 221
598 222
620 157
619 156
349 323
350 322
494 264
494 265
494 266
494 267
508 311
507 311
506 311
470 251
471 250
472 249
557 277
557 276
557 275
364 310
363 311
362 312
331 115
332 114
333 113
306 130
305 131
304 131
160 359
159 360
158 361
161 355
161 356
161 357
431 243
432 242
433 241
94 129
94 130
94 131
114 107
115 108
116 108
112 125
111 126
111 127
86 335
87 336
87 337
71 393
72 392
73 391
167 394
168 394
169 394
170 394
577 248
577 249
577 250
141 253
140 252
139 251
158 158
157 159
156 159
477 344
476 343
475 343
340 209
341 208
342 207
325 478
324 479
324 480
397 307
397 306
397 305
397 304
546 142
545 142
544 142
299 213
300 214
301 215
373 208
372 209
371 210
454 159
455 160
456 160
503 143
504 142
505 141
97 186
98 186
99 186
368 425
369 424
369 423
364 425
365 426
366 426
171 304
172 305
173 306
596 220
595 220
594 220
593 220
500 130
501 129
502 128
428 241
429 242
430 243
409 301
410 301
411 301
601 365
601 364
601 363
169 181
170 182
171 183
517 394
516 395
515 396
491 206
490 205
489 204
197 337
198 338
199 338
558 273
558 272
558 271
558 270
536 311
537 312
538 313
539 314
467 311
466 310
465 309
464 308
360 317
361 316
361 315
361 314
294 256
294 255
294 254
294 253
294 252
299 309
298 308
297 307
296 306
61 326
61 327
61 328
61 329
395 139
396 140
396 141
396 142
297 117
298 118
299 119
300 119
298 131
299 131
300 131
301 131
302 131
287 131
286 132
285 133
284 134
577 350
576 349
576 348
576 347
349 348
348 347
347 346
346 345
434 244
433 243
433 242
303 55
302 56
301 56
300 56
241 342
241 341
241 340
241 339
241 338
175 428
174 428
173 428
172 428
171 428
178 398
178 397
178 396
178 395
630 274
629 275
629 276
629 277
620 275
619 276
618 277
617 278
486 183
487 183
488 183
489 183
490 183
485 182
484 181
484 180
484 179
493 202
492 203
491 203
490 203
264 347
265 347
266 347
267 347
193 109
192 108
191 107
190 107
208 128
207 127
207 126
207 125
154 262
155 263
156 264
157 265
107 267
106 268
105 268
104 268
592 355
591 356
590 356
589 356
585 330
586 329
586 328
586 327
503 379
502 378
501 377
500 376
263 155
264 154
264 153
264 152
207 206
206 205
206 204
206 203
161 343
162 343
163 343
164 343
565 430
566 430
567 430
568 430
464 440
463 440
462 440
461 440
460 440
198 349
197 348
196 347
195 346
591 414
590 414
589 414
588 414
587 414
453 162
454 161
620 170
619 169
618 168
617 168
206 351
207 352
208 353
209 353
582 440
583 441
584 442
584 443
482 405
483 404
484 404
485 404
38 153
39 152
40 151
40 150
405 255
406 254
407 253
408 252
255 194
255 193
255 192
255 191
570 163
571 162
572 161
573 161
438 304
437 305
437 306
437 307
392 273
391 274
390 275
390 276
309 451
310 450
311 449
311 448
233 239
232 238
232 237
232 236
466 316
467 315
468 314
468 313
175 283
174 282
173 281
173 280
260 197
259 196
258 195
257 195
443 164
442 163
441 162
440 161
416 216
415 215
414 214
413 214
386 280
387 279
388 278
389 277
398 280
399 280
400 280
401 280
402 280
646 407
645 406
644 405
643 404
520 279
521 280
522 281
523 282
524 282
514 282
515 281
516 280
517 279
518 278
483 280
482 281
481 281
480 281
479 281
529 289
528 288
527 287
526 286
525 285
366 310
367 311
368 312
369 313
370 313
279 276
280 277
281 277
282 277
283 277
62 325
62 324
62 323
62 322
62 321
62 320
370 85
371 86
371 87
371 88
371 89
420 111
420 112
420 113
420 114
420 115
262 107
261 108
260 109
259 110
258 111
275 376
276 376
277 376
278 376
279 376
280 376
270 376
271 376
272 376
273 376
274 376
315 342
315 343
315 344
315 345
315 346
315 347
361 355
360 355
359 355
358 355
357 355
435 341
434 340
433 339
433 338
433 337
351 350
352 351
353 352
354 353
355 354
387 421
388 422
389 423
389 424
389 425
411 492
410 493
409 494
408 495
407 496
449 207
450 208
451 208
452 208
453 208
433 283
434 284
435 285
436 286
437 286
608 397
607 396
606 395
605 394
604 394
611 393
610 394
609 395
609 396
609 397
114 376
115 377
116 378
117 379
118 380
75 392
76 393
77 394
78 395
78 396
114 338
115 337
116 337
117 337
118 337
130 235
131 234
132 233
133 233
134 233
244 347
243 346
242 345
241 344
241 343
180 400
181 401
181 402
181 403
181 404
176 365
175 366
174 367
173 368
172 369
608 267
609 266
610 265
611 264
611 263
363 119
364 120
365 121
366 122
367 123
357 120
358 119
359 118
360 118
361 118
500 175
500 174
500 173
500 172
500 171
500 170
496 196
495 197
494 198
494 199
494 200
191 127
190 128
189 129
188 130
187 131
198 138
197 138
196 138
195 138
194 138
528 352
529 353
529 354
529 355
529 356
532 350
531 351
530 351
529 351
528 351
592 361
591 360
590 359
589 358
588 357
585 332
586 333
587 334
588 335
589 335
516 371
515 370
515 369
515 368
515 367
209 208
210 209
211 210
212 211
213 212
158 437
159 438
160 439
161 440
161 441
55 260
54 261
53 262
53 263
53 264
458 439
457 438
456 437
455 436
454 435
107 186
106 185
105 184
104 184
103 184
229 207
228 207
227 207
226 207
225 207
345 482
346 482
347 482
348 482
349 482
350 482
416 441
415 442
415 443
415 444
415 445
307 477
308 476
308 475
308 474
308 473
592 214
592 215
592 216
592 217
592 218
592 219
344 452
345 451
346 450
347 450
348 450
604 323
603 322
602 321
601 320
600 319
606 323
607 322
608 321
609 320
610 319
205 350
204 350
203 350
202 350
201 350
200 350
594 145
595 146
596 147
597 148
598 149
404 250
405 251
406 251
407 251
408 251
416 39
417 40
418 41
419 42
420 43
576 442
577 441
578 440
579 439
580 439
501 145
500 146
499 146
498 146
497 146
310 422
310 423
310 424
310 425
310 426
215 157
216 158
217 159
218 159
219 159
601 155
600 154
600 153
600 152
600 151
237 282
238 281
239 280
240 279
241 278
188 188
187 187
186 186
185 186
184 186
59 228
60 227
60 226
60 225
60 224
413 258
414 258
415 258
416 258
417 258
418 258
246 370
246 369
246 368
246 367
246 366
246 365
383 294
382 295
381 296
380 297
379 298
425 305
426 306
427 307
428 308
428 309
245 359
246 360
246 361
246 362
246 363
250 308
251 307
252 306
253 305
253 304
551 302
552 303
553 304
554 305
555 306
556 307
544 300
545 301
546 301
547 301
548 301
549 301
550 313
551 312
552 311
553 310
554 309
555 308
519 302
518 301
517 300
516 299
515 298
514 297
477 282
476 283
475 284
474 285
474 286
474 287
365 282
364 281
363 280
362 280
361 280
360 280
365 284
364 285
363 286
362 287
362 288
362 289
288 250
289 251
290 251
291 251
292 251
293 251
393 137
393 136
393 135
393 134
393 133
393 132
146 323
145 324
144 324
143 324
142 324
141 324
295 117
294 118
293 119
292 119
291 119
290 119
284 345
283 344
282 343
281 342
280 341
279 341
284 347
283 348
282 349
281 350
280 351
279 352
362 347
362 348
362 349
362 350
362 351
362 352
362 353
306 329
305 330
304 331
303 332
302 333
301 334
334 400
333 400
332 400
331 400
330 400
329 400
335 399
335 398
335 397
335 396
335 395
335 394
335 393
251 428
250 427
249 426
248 425
247 425
246 425
379 485
380 484
381 483
382 482
383 481
384 480
191 289
190 290
189 291
188 292
187 292
186 292
206 296
207 297
208 298
209 299
209 300
209 301
610 399
611 400
612 401
613 402
614 403
615 403
81 152
82 151
83 150
84 149
85 148
86 147
126 135
125 135
124 135
123 135
122 135
121 135
303 75
304 74
305 73
306 72
307 72
308 72
235 348
236 347
237 346
238 345
239 344
240 343
380 70
379 69
378 69
377 69
376 69
375 69
178 394
177 394
176 394
175 394
174 394
173 394
172 394
589 299
588 298
587 297
586 296
585 295
584 294
596 298
595 299
594 300
593 300
592 300
591 300
610 284
611 283
612 282
613 281
614 280
615 279
599 282
599 281
599 280
599 279
599 278
599 277
489 172
488 173
487 174
486 175
485 176
484 177
192 137
191 136
190 135
189 134
188 133
187 132
147 260
146 259
145 258
144 257
143 256
142 255
56 393
57 392
58 391
59 391
60 391
61 391
20 362
21 362
22 362
23 362
24 362
25 362
26 362
162 388
163 389
164 390
165 391
166 392
167 393
469 332
469 331
469 330
469 329
469 328
469 327
259 296
260 297
261 298
262 299
263 300
264 300
427 402
428 403
429 404
429 405
429 406
429 407
311 428
312 429
313 430
314 431
315 432
316 433
258 274
259 273
260 272
261 271
262 270
263 270
354 209
355 208
356 207
357 206
358 206
359 206
330 419
329 420
328 421
327 422
326 423
326 424
406 243
405 244
404 245
403 246
403 247
403 248
178 261
177 262
176 263
175 264
174 264
173 264
568 163
567 162
566 161
565 160
565 159
565 158
537 144
538 143
539 142
540 142
541 142
542 142
580 180
581 179
582 179
583 179
584 179
585 179
213 157
212 158
211 159
210 160
209 161
208 162
213 155
212 154
211 153
210 152
210 151
210 150
237 284
238 285
238 286
238 287
238 288
238 289
608 154
607 155
606 156
605 156
604 156
603 156
59 186
60 186
61 186
62 186
63 186
64 186
57 188
56 189
55 190
54 191
53 192
52 193
171 302
171 301
171 300
171 299
171 298
171 297
244 289
243 290
242 290
241 290
240 290
239 290
229 283
230 283
231 283
232 283
233 283
234 283
235 283
53 153
54 154
55 155
56 156
57 157
57 158
412 257
411 256
410 255
409 254
409 253
409 252
445 303
444 303
443 303
442 303
441 303
440 303
599 365
598 364
597 363
596 362
595 362
594 362
487 268
488 268
489 268
490 268
491 268
492 268
493 268
512 296
511 295
510 294
509 294
508 294
507 294
506 294
510 287
509 288
508 289
507 290
506 291
505 292
505 293
474 292
475 293
476 294
477 295
477 296
477 297
477 298
344 263
345 263
346 263
347 263
348 263
349 263
350 263
336 260
337 261
338 262
339 262
340 262
341 262
342 262
403 111
402 110
401 109
400 108
399 107
398 106
397 105
405 111
406 110
407 109
408 108
409 107
410 106
410 105
245 120
244 119
243 118
243 117
243 116
243 115
243 114
236 113
237 113
238 113
239 113
240 113
241 113
242 113
279 115
278 115
277 115
276 115
275 115
274 115
273 115
369 361
368 360
367 359
366 358
365 357
364 356
363 355
432 335
431 334
430 333
429 332
428 331
427 330
426 329
308 203
309 203
310 203
311 203
312 203
313 203
314 203
315 203
238 418
239 419
240 420
241 421
242 422
243 423
244 424
251 430
250 431
249 432
249 433
249 434
249 435
249 436
386 479
387 478
388 477
389 476
390 475
390 474
390 473
435 211
434 210
433 209
432 208
431 207
430 207
429 207
470 242
471 243
472 244
473 245
473 246
473 247
473 248
204 296
203 297
202 298
201 299
200 300
199 301
199 302
118 389
118 388
118 387
118 386
118 385
118 384
118 383
118 382
112 374
112 373
112 372
112 371
112 370
112 369
112 368
373 70
372 71
371 72
370 73
369 73
368 73
367 73
308 86
307 87
306 88
305 89
304 90
304 91
304 92
252 342
251 343
250 344
249 345
248 346
247 347
246 348
398 69
397 70
396 71
395 72
394 73
394 74
394 75
622 275
623 276
624 277
625 278
626 278
627 278
628 278
606 269
605 270
604 271
603 272
602 273
601 274
600 275
350 105
349 106
348 107
347 107
346 107
345 107
344 107
500 169
501 169
502 169
503 169
504 169
505 169
506 169
507 169
506 159
505 159
504 159
503 159
502 159
501 159
500 159
252 302
251 301
250 301
249 301
248 301
247 301
246 301
156 232
155 231
154 230
153 229
152 228
151 227
150 226
71 251
72 252
73 253
74 254
75 255
75 256
75 257
69 249
69 248
69 247
69 246
69 245
69 244
69 243
63 392
64 393
65 394
66 394
67 394
68 394
69 394
356 516
357 515
358 514
359 513
360 512
360 511
360 510
592 363
591 364
590 365
589 366
588 367
587 368
586 369
472 199
473 198
474 198
475 198
476 198
477 198
478 198
469 372
470 372
471 372
472 372
473 372
474 372
475 372
480 336
479 337
478 338
477 339
476 340
475 341
474 342
513 153
512 154
511 155
510 156
509 157
508 158
507 159
257 296
256 297
255 298
254 299
253 300
253 301
253 302
336 225
337 226
338 227
339 227
340 227
341 227
342 227
305 479
304 480
303 480
302 480
301 480
300 480
299 480
397 237
398 236
399 235
399 234
399 233
399 232
399 231
74 146
75 147
76 148
77 149
78 150
79 151
80 152
297 211
296 210
296 209
296 208
296 207
296 206
296 205
71 138
72 139
73 140
73 141
73 142
73 143
73 144
301 466
302 467
303 468
304 469
305 470
306 471
307 472
199 339
198 340
197 341
196 342
195 343
194 344
194 345
550 216
551 217
552 218
553 219
554 220
554 221
554 222
274 193
275 194
276 195
277 196
278 196
279 196
280 196
625 406
625 407
625 408
625 409
625 410
625 411
625 412
625 413
136 105
135 106
134 107
133 108
132 109
131 110
130 110
233 241
232 242
231 243
231 244
231 245
231 246
231 247
33 218
32 217
31 216
30 215
29 214
28 214
27 214
291 485
292 484
293 483
294 482
295 481
296 480
297 480
291 487
292 488
293 489
294 490
295 491
295 492
295 493
93 310
94 310
95 310
96 310
97 310
98 310
99 310
100 310
445 164
446 163
447 163
448 163
449 163
450 163
451 163
404 281
404 282
404 283
404 284
404 285
404 286
404 287
517 245
516 244
515 243
514 242
513 241
513 240
513 239
397 279
396 278
395 277
394 277
393 277
392 277
391 277
604 373
603 372
602 371
601 370
600 369
600 368
600 367
167 181
166 182
165 182
164 182
163 182
162 182
161 182
195 335
194 334
193 333
192 332
191 332
190 332
189 332
573 254
573 255
573 256
573 257
573 258
573 259
573 260
573 261
519 267
520 266
521 265
522 264
523 263
523 262
523 261
523 260
540 314
541 314
542 314
543 314
544 314
545 314
546 314
547 314
548 314
520 277
521 276
522 275
523 274
524 273
525 272
526 271
527 270
481 253
480 252
479 251
478 250
477 249
476 249
475 249
474 249
372 321
371 320
371 319
371 318
371 317
371 316
371 315
371 314
358 319
357 320
356 321
355 321
354 321
353 321
352 321
351 321
286 250
285 251
284 252
283 253
282 254
281 255
280 256
279 257
55 340
54 341
53 342
52 343
52 344
52 345
52 346
52 347
43 336
42 337
42 338
42 339
42 340
42 341
42 342
42 343
48 333
49 334
50 335
51 336
52 337
53 338
54 339
55 339
60 331
59 332
58 333
57 334
56 335
56 336
56 337
56 338
418 109
417 108
416 107
415 106
414 105
413 104
412 104
411 104
405 120
404 119
404 118
404 117
404 116
404 115
404 114
404 113
281 115
282 116
283 117
284 118
285 119
286 119
287 119
288 119
264 107
265 108
266 109
267 110
268 111
269 112
270 113
271 114
265 150
266 149
267 148
268 148
269 148
270 148
271 148
272 148
270 368
271 369
272 370
273 371
274 372
275 373
275 374
275 375
326 371
325 372
324 373
323 374
322 374
321 374
320 374
319 374
304 343
303 342
302 341
301 340
300 339
300 338
300 337
300 336
365 329
366 328
367 327
368 326
369 325
370 324
371 323
372 322
374 370
373 369
372 368
371 367
370 366
370 365
370 364
370 363
423 346
423 347
423 348
423 349
423 350
423 351
423 352
423 353
402 325
401 326
400 327
399 328
398 329
397 330
397 331
397 332
455 216
454 215
454 214
454 213
454 212
454 211
454 210
454 209
464 213
463 214
462 215
461 216
460 217
459 217
458 217
457 217
436 220
436 219
436 218
436 217
436 216
436 215
436 214
436 213
89 154
88 153
87 152
86 151
86 150
86 149
86 148
119 134
118 133
117 132
116 131
115 130
114 129
113 128
112 128
132 393
131 392
130 391
129 390
128 389
128 388
128 387
128 386
104 427
103 428
103 429
103 430
103 431
103 432
103 433
103 434
308 84
307 83
306 82
305 81
304 80
303 79
302 78
302 77
284 55
285 56
286 57
287 58
287 59
287 60
287 61
287 62
610 261
609 260
608 259
607 258
606 257
606 256
606 255
606 254
601 284
602 285
603 285
604 285
605 285
606 285
607 285
608 285
363 117
364 116
365 115
366 114
367 113
368 112
369 111
370 110
342 108
341 109
340 110
339 111
338 112
337 112
336 112
335 112
515 177
514 176
513 175
512 174
511 173
510 172
509 171
508 170
499 176
498 177
497 178
496 179
495 180
494 181
493 182
492 183
508 161
508 162
508 163
508 164
508 165
508 166
508 167
508 168
524 180
523 179
522 178
521 178
520 178
519 178
518 178
517 178
216 322
215 321
214 320
213 319
212 318
211 317
210 317
209 317
211 354
212 355
213 356
214 357
215 358
216 359
217 360
217 361
221 135
222 134
223 133
224 132
225 131
226 130
227 129
227 128
221 137
222 138
222 139
222 140
222 141
222 142
222 143
222 144
120 272
121 271
122 271
123 271
124 271
125 271
126 271
127 271
198 387
197 388
196 389
195 390
194 391
193 392
192 393
192 394
507 360
508 361
509 362
510 363
511 364
512 365
513 366
514 366
171 225
170 224
169 223
168 222
167 221
166 220
165 219
164 218
215 212
216 211
217 210
218 209
219 208
220 207
221 206
186 343
187 344
188 345
189 346
190 346
191 346
192 346
193 346
407 375
408 374
409 373
410 372
411 371
412 370
413 369
414 368
433 199
432 200
431 201
430 202
429 203
428 204
428 205
428 206
163 209
163 210
163 211
163 212
163 213
163 214
163 215
163 216
578 378
579 377
580 376
581 375
582 374
583 373
584 372
585 371
234 270
235 271
236 272
237 273
238 274
239 275
240 276
241 277
325 426
324 427
323 428
322 429
321 430
320 431
319 432
318 433
588 187
587 186
586 185
586 184
586 183
586 182
586 181
586 180
298 224
299 223
300 222
301 221
302 220
302 219
302 218
302 217
315 234
314 235
313 236
312 237
311 237
310 237
309 237
308 237
472 436
471 437
470 438
469 439
468 440
467 440
466 440
465 440
530 429
531 430
532 431
533 432
534 433
535 434
536 435
537 436
538 249
538 250
538 251
538 252
538 253
538 254
538 255
538 256
436 309
435 310
434 310
433 310
432 310
431 310
430 310
429 310
624 405
623 404
622 403
621 403
620 403
619 403
618 403
617 403
466 318
467 319
468 320
469 321
469 322
469 323
469 324
469 325
47 209
47 210
47 211
47 212
47 213
47 214
47 215
47 216
610 154
611 155
612 156
613 156
614 156
615 156
616 156
617 156
177 285
178 286
179 287
180 288
181 289
182 290
183 291
184 292
501 398
500 397
499 396
498 395
497 394
496 394
495 394
494 394
385 269
386 270
387 271
388 272
389 273
390 274
483 418
484 419
485 420
486 421
487 422
488 423
489 424
489 425
601 139
600 140
599 141
598 142
597 143
596 144
595 144
594 144
407 229
406 230
405 230
404 230
403 230
402 230
401 230
400 230
218 331
217 330
217 329
217 328
217 327
217 326
217 325
217 324
527 268
526 267
525 266
524 265
523 264
504 263
503 262
502 262
501 262
500 262
499 262
498 262
497 262
496 262
342 263
341 264
340 265
339 266
338 267
337 268
336 269
335 270
334 270
343 119
342 118
341 117
340 116
339 115
338 114
337 113
306 128
305 127
304 126
303 125
302 124
301 123
301 122
301 121
301 120
289 131
290 131
291 131
292 131
293 131
294 131
295 131
296 131
297 131
277 342
276 343
275 344
274 345
273 346
272 347
271 347
270 347
269 347
314 347
313 346
312 345
311 344
310 344
309 344
308 344
307 344
306 344
412 322
411 323
410 324
409 324
408 324
407 324
406 324
405 324
404 324
112 358
112 359
112 360
112 361
112 362
112 363
112 364
112 365
112 366
145 359
144 360
143 361
142 362
141 363
140 363
139 363
138 363
137 363
295 326
296 327
297 328
298 329
299 330
300 331
300 332
300 333
300 334
349 364
350 363
351 362
352 361
353 360
354 359
355 358
356 357
356 356
403 456
402 457
402 458
402 459
402 460
402 461
402 462
402 463
402 464
439 210
440 209
441 208
442 207
443 206
444 206
445 206
446 206
447 206
453 289
454 288
455 287
456 286
457 285
458 284
459 283
459 282
459 281
594 392
595 393
596 394
597 394
598 394
599 394
600 394
601 394
602 394
102 146
103 147
104 148
105 148
106 148
107 148
108 148
109 148
110 148
99 119
98 120
97 121
96 122
95 123
95 124
95 125
95 126
95 127
127 384
126 383
125 382
124 381
123 381
122 381
121 381
120 381
119 381
70 357
71 356
72 355
72 354
72 353
72 352
72 351
72 350
72 349
101 250
102 249
103 248
104 247
105 246
106 245
107 244
108 243
109 243
445 350
444 349
443 348
442 347
441 346
440 345
439 344
438 343
437 342
446 365
445 366
444 367
443 368
442 369
441 370
440 371
439 372
439 373
615 245
614 246
613 247
612 248
611 249
610 250
609 251
608 252
607 253
360 160
359 159
358 158
357 157
356 156
355 155
354 154
353 153
353 152
480 199
481 200
482 201
483 202
484 203
485 203
486 203
487 203
488 203
262 347
261 346
260 345
259 344
258 343
257 342
256 341
255 341
254 341
208 130
207 131
206 132
205 133
204 134
203 135
202 136
201 137
200 138
49 357
50 356
51 355
52 354
52 353
52 352
52 351
52 350
52 349
163 375
164 374
165 373
166 372
167 371
168 370
169 370
170 370
171 370
198 385
197 384
196 383
195 382
194 381
193 380
192 379
191 378
190 377
587 355
586 354
585 353
584 352
583 351
582 351
581 351
580 351
579 351
132 159
131 159
130 159
129 159
128 159
127 159
126 159
125 159
124 159
160 153
161 152
162 151
163 150
164 149
165 148
166 147
167 147
168 147
144 212
143 213
142 214
141 215
140 216
139 217
138 218
137 219
136 220
213 405
212 404
211 403
210 402
209 401
208 400
207 399
206 398
205 398
470 203
469 204
468 205
467 206
466 207
465 208
465 209
465 210
465 211
160 344
160 345
160 346
160 347
160 348
160 349
160 350
160 351
160 352
160 353
469 334
470 335
471 336
472 337
473 338
474 339
474 340
474 341
487 403
488 402
489 401
490 400
491 399
492 398
493 397
493 396
493 395
352 481
353 480
354 479
355 478
356 477
357 476
358 475
359 474
360 473
409 312
410 313
411 314
412 315
413 316
413 317
413 318
413 319
413 320
120 201
121 202
122 203
123 204
124 205
125 206
126 206
127 206
128 206
351 492
351 491
351 490
351 489
351 488
351 487
351 486
351 485
351 484
351 483
428 224
429 223
430 222
431 221
432 221
433 221
434 221
435 221
436 221
163 207
164 206
165 205
166 204
167 204
168 204
169 204
170 204
171 204
411 302
410 303
409 304
408 305
408 306
408 307
408 308
408 309
408 310
621 180
621 179
621 178
621 177
621 176
621 175
621 174
621 173
621 172
299 211
300 210
301 209
302 208
303 207
304 206
305 205
306 204
307 203
158 127
159 128
160 129
161 130
162 131
163 132
164 133
164 134
164 135
254 189
253 188
252 187
251 186
250 185
249 185
248 185
247 185
246 185
580 196
581 195
582 194
583 193
584 192
585 191
586 190
587 189
588 188
535 144
534 144
533 144
532 144
531 144
530 144
529 144
528 144
527 144
624 355
625 354
626 353
627 353
628 353
629 353
630 353
631 353
632 353
177 283
178 282
179 281
180 280
181 279
182 278
183 277
184 276
184 275
620 159
619 160
618 161
617 162
616 163
616 164
616 165
616 166
616 167
592 197
591 196
590 195
589 194
589 193
589 192
589 191
589 190
589 189
594 199
595 200
596 201
597 202
598 203
599 204
600 205
601 205
602 205
500 132
501 133
502 134
503 135
504 136
505 137
506 138
506 139
506 140
440 174
441 173
442 172
443 171
444 170
444 169
444 168
444 167
444 166
418 218
419 219
420 220
421 221
422 222
423 223
424 224
425 225
426 225
245 365
244 366
243 367
242 368
241 369
240 370
239 371
238 372
237 372
642 402
641 401
640 400
639 399
639 398
639 397
639 396
639 395
639 394
443 383
442 382
441 381
440 380
439 379
439 378
439 377
439 376
439 375
243 357
242 356
241 355
240 354
239 353
238 352
237 351
236 350
235 349
122 315
123 314
124 313
125 312
126 311
127 311
128 311
129 311
130 311
519 304
518 305
517 306
516 307
515 308
514 309
513 310
512 311
511 312
510 312
485 278
486 277
487 276
488 275
489 274
490 273
491 272
492 271
493 270
494 269
543 289
543 290
543 291
543 292
543 293
543 294
543 295
543 296
543 297
543 298
475 267
476 267
477 267
478 267
479 267
480 267
481 267
482 267
483 267
484 267
485 267
369 273
368 274
367 275
366 276
365 277
364 278
363 279
280 287
281 286
282 285
283 284
284 283
284 282
284 281
284 280
284 279
284 278
368 83
367 82
366 81
366 80
366 79
366 78
366 77
366 76
366 75
366 74
378 127
377 126
376 125
375 124
374 123
373 123
372 123
371 123
370 123
369 123
389 121
388 122
387 123
386 124
385 125
384 126
383 127
382 128
381 128
380 128
392 130
391 129
390 128
390 127
390 126
390 125
390 124
390 123
390 122
390 121
397 144
398 145
399 146
400 147
401 148
402 149
402 150
402 151
402 152
402 153
272 147
271 146
270 145
269 144
268 143
267 142
266 141
265 140
264 139
263 138
432 337
431 338
430 339
429 340
428 341
427 342
426 343
425 344
424 345
423 345
434 335
435 334
436 333
437 332
437 331
437 330
437 329
437 328
437 327
437 326
147 359
148 360
149 361
150 361
151 361
152 361
153 361
154 361
155 361
156 361
123 350
122 351
121 352
120 353
119 354
118 355
117 356
116 357
115 357
114 357
306 179
306 180
306 181
306 182
306 183
306 184
306 185
306 186
306 187
306 188
306 189
272 429
271 430
270 431
269 432
269 433
269 434
269 435
269 436
269 437
269 438
447 257
447 258
447 259
447 260
447 261
447 262
447 263
447 264
447 265
447 266
189 307
190 306
191 305
192 304
193 303
194 303
195 303
196 303
197 303
198 303
192 318
191 317
190 316
189 315
188 314
188 313
188 312
188 311
188 310
188 309
88 142
89 141
90 140
91 139
92 138
93 137
94 136
94 135
94 134
94 133
100 146
99 147
98 148
97 149
96 150
95 151
94 152
93 153
92 154
91 155
101 119
102 120
103 121
104 122
105 123
106 124
107 125
108 126
109 127
110 128
114 340
115 341
116 342
117 343
118 344
119 345
120 346
121 347
122 348
123 349
304 44
304 45
304 46
304 47
304 48
304 49
304 50
304 51
304 52
304 53
400 69
401 70
402 71
403 72
404 73
405 74
406 75
407 76
407 77
407 78
191 396
190 397
189 398
188 399
187 400
186 401
185 402
184 403
183 404
182 405
638 238
637 237
636 236
635 235
634 234
633 234
632 234
631 234
630 234
629 234
589 241
588 240
587 239
586 238
585 237
584 236
583 235
582 234
581 233
580 232
610 317
610 316
610 315
610 314
610 313
610 312
610 311
610 310
610 309
610 308
586 310
587 309
588 308
589 307
590 306
590 305
590 304
590 303
590 302
590 301
210 130
211 131
212 132
213 133
214 134
215 135
216 136
217 136
218 136
219 136
157 280
156 281
155 282
154 283
153 284
152 285
151 286
150 287
149 287
148 287
109 267
110 268
111 269
112 270
113 271
114 272
115 273
116 273
117 273
118 273
102 278
103 277
103 276
103 275
103 274
103 273
103 272
103 271
103 270
103 269
414 447
413 448
412 449
411 450
410 451
409 452
408 453
407 454
406 455
405 455
161 377
161 378
161 379
161 380
161 381
161 382
161 383
161 384
161 385
161 386
134 161
134 162
134 163
134 164
134 165
134 166
134 167
134 168
134 169
134 170
168 146
167 145
166 144
165 143
164 142
164 141
164 140
164 139
164 138
164 137
209 148
208 147
207 146
206 145
205 144
204 143
203 142
202 141
201 140
200 139
206 223
207 222
208 221
209 220
210 219
211 218
212 217
213 216
214 215
214 214
178 317
179 316
180 315
181 314
182 313
183 312
184 311
185 310
186 309
187 308
176 317
175 316
174 315
173 314
173 313
173 312
173 311
173 310
173 309
173 308
515 153
516 154
517 155
518 156
519 157
520 158
521 159
522 160
522 161
522 162
552 244
553 243
554 242
554 241
554 240
554 239
554 238
554 237
554 236
554 235
407 310
406 309
405 308
404 307
403 306
402 305
401 304
400 303
399 303
398 303
474 171
475 172
476 173
477 174
478 175
479 176
480 177
481 178
482 178
483 178
381 189
382 190
383 191
384 192
385 193
386 194
387 195
388 196
388 197
388 198
430 409
431 410
432 411
433 412
434 413
435 414
436 415
437 416
438 417
438 418
468 190
469 191
470 192
471 193
471 194
471 195
471 196
471 197
471 198
471 199
225 221
224 222
223 223
222 224
221 225
220 226
219 227
218 228
217 229
217 230
554 223
554 224
554 225
554 226
554 227
554 228
554 229
554 230
554 231
554 232
554 233
361 207
362 208
363 209
364 210
365 211
366 211
367 211
368 211
369 211
370 211
380 267
379 268
378 269
377 270
376 271
375 272
374 272
373 272
372 272
371 272
584 161
583 161
582 161
581 161
580 161
579 161
578 161
577 161
576 161
575 161
239 291
240 292
241 293
242 294
243 295
244 296
245 297
245 298
245 299
245 300
352 209
351 208
350 207
349 206
348 206
347 206
346 206
345 206
344 206
343 206
507 142
508 143
509 144
510 145
511 146
512 147
513 148
514 149
514 150
514 151
402 248
401 247
400 246
399 245
398 244
397 243
396 242
396 241
396 240
396 239
41 196
42 195
43 194
44 194
45 194
46 194
47 194
48 194
49 194
50 194
50 206
49 205
48 204
47 203
46 202
45 201
44 200
43 199
42 198
41 197
75 193
74 192
73 191
72 190
71 189
70 188
69 187
68 186
67 186
66 186
572 147
571 148
570 149
569 150
568 151
567 152
566 153
565 154
565 155
565 156
243 266
242 267
241 268
240 269
239 269
238 269
237 269
236 269
235 269
234 269
188 190
188 191
188 192
188 193
188 194
188 195
188 196
188 197
188 198
188 199
262 221
261 220
260 219
259 218
258 217
257 216
256 215
255 214
254 213
254 212
474 132
475 133
476 134
477 135
477 136
477 137
477 138
477 139
477 140
477 141
602 206
601 207
600 208
599 209
598 210
597 211
596 212
595 213
594 214
593 214
448 114
449 113
450 112
451 111
452 110
453 109
454 108
455 107
456 106
457 105
169 304
168 305
167 306
166 306
165 306
164 306
163 306
162 306
161 306
160 306
549 204
549 205
549 206
549 207
549 208
549 209
549 210
549 211
549 212
549 213
549 214
481 416
481 415
481 414
481 413
481 412
481 411
481 410
481 409
481 408
481 407
532 194
533 193
534 192
535 191
536 190
537 190
538 190
539 190
540 190
541 190
457 173
456 172
455 171
454 170
453 169
452 168
452 167
452 166
452 165
452 164
576 136
575 137
574 138
573 139
573 140
573 141
573 142
573 143
573 144
573 145
416 218
415 219
414 220
413 221
412 222
411 223
410 224
409 225
408 226
408 227
173 185
174 186
175 186
176 186
177 186
178 186
179 186
180 186
181 186
182 186
493 208
494 209
495 210
495 211
495 212
495 213
495 214
495 215
495 216
495 217
559 198
558 199
557 200
556 201
555 202
554 203
553 204
552 204
551 204
550 204
529 268
530 267
531 266
532 265
533 264
534 263
535 262
536 261
537 260
538 259
538 258
488 313
489 312
490 311
491 310
492 309
492 308
492 307
492 306
492 305
492 304
492 303
531 289
532 288
533 288
534 288
535 288
536 288
537 288
538 288
539 288
540 288
541 288
483 255
484 256
485 257
486 258
487 259
488 260
489 261
490 262
491 263
492 264
493 264
295 257
296 258
297 259
298 260
299 261
300 262
301 263
302 264
303 265
304 265
305 265
247 120
248 119
249 118
250 117
251 116
252 115
253 114
254 113
255 112
256 112
257 112
389 358
388 357
387 356
387 355
387 354
387 353
387 352
387 351
387 350
387 349
387 348
413 366
412 365
411 364
410 363
409 362
408 361
408 360
408 359
408 358
408 357
408 356
414 322
415 323
416 324
417 325
418 326
419 327
420 328
421 328
422 328
423 328
424 328
112 356
111 355
110 354
109 353
108 352
107 351
106 350
105 349
104 349
103 349
102 349
125 348
126 347
127 346
128 345
129 344
130 343
131 342
132 341
133 340
134 339
135 338
346 383
345 384
344 385
343 386
342 387
341 388
340 389
339 390
338 391
337 392
336 392
317 186
316 187
315 188
314 189
313 190
312 190
311 190
310 190
309 190
308 190
307 190
225 373
226 372
227 372
228 372
229 372
230 372
231 372
232 372
233 372
234 372
235 372
391 471
392 470
393 469
394 468
395 467
396 466
397 465
398 465
399 465
400 465
401 465
399 483
398 482
397 481
396 480
395 479
394 478
393 477
392 476
391 475
401 485
402 486
403 487
404 488
405 489
406 490
407 491
408 491
409 491
410 491
411 491
445 234
444 235
443 236
442 237
441 238
440 239
439 240
438 241
437 242
436 243
435 244
438 222
439 223
440 224
441 225
442 226
443 227
444 228
445 229
446 230
446 231
446 232
118 109
119 110
120 110
121 110
122 110
123 110
124 110
125 110
126 110
127 110
128 110
144 441
143 440
142 439
141 438
140 437
139 436
138 435
137 434
136 433
135 432
134 431
298 57
297 58
296 59
295 60
294 61
293 62
292 63
291 63
290 63
289 63
288 63
305 55
306 56
307 56
308 56
309 56
310 56
311 56
312 56
313 56
314 56
315 56
475 371
475 370
475 369
475 368
475 367
475 366
475 365
475 364
475 363
475 362
475 361
171 369
170 368
169 367
168 366
167 365
166 364
165 363
164 362
163 361
162 360
161 359
617 243
618 242
619 241
620 240
621 239
622 238
623 237
624 236
625 235
626 234
627 234
589 243
588 244
587 245
586 246
585 247
584 247
583 247
582 247
581 247
580 247
579 247
608 286
607 287
606 288
605 289
604 290
603 291
602 292
601 293
600 294
599 295
598 296
355 120
354 120
353 120
352 120
351 120
350 120
349 120
348 120
347 120
346 120
345 120
496 194
495 193
494 192
493 191
492 190
491 189
491 188
491 187
491 186
491 185
491 184
508 197
507 196
506 195
505 195
504 195
503 195
502 195
501 195
500 195
499 195
498 195
218 363
219 364
220 365
221 366
222 367
223 368
224 369
224 370
224 371
224 372
224 373
127 258
128 257
129 256
130 255
131 254
132 253
133 252
134 251
135 251
136 251
137 251
127 270
126 269
126 268
126 267
126 266
126 265
126 264
126 263
126 262
126 261
126 260
153 247
152 248
151 249
150 250
149 251
148 252
147 253
146 254
145 254
144 254
143 254
203 397
202 396
201 395
200 395
199 395
198 395
197 395
196 395
195 395
194 395
193 395
587 338
586 339
585 340
584 341
583 342
582 343
581 344
580 345
579 346
578 346
577 346
122 158
121 157
120 156
119 155
118 154
117 153
116 152
115 151
114 150
113 149
112 148
216 230
215 229
214 228
213 227
212 226
211 225
210 224
209 224
208 224
207 224
206 224
156 434
155 435
154 436
153 437
152 438
151 439
150 440
149 441
148 442
147 442
146 442
215 407
216 408
217 409
218 410
219 411
220 412
221 413
222 414
223 415
224 416
224 417
482 389
483 390
484 391
485 392
486 393
487 394
488 394
489 394
490 394
491 394
492 394
591 221
590 222
589 223
588 224
587 225
586 226
585 227
584 228
583 229
582 230
581 231
172 264
171 264
170 264
169 264
168 264
167 264
166 264
165 264
164 264
163 264
162 264
161 264
161 207
160 206
159 205
158 204
157 203
156 202
155 201
155 200
155 199
155 198
155 197
112 189
113 190
114 191
115 192
116 193
117 194
118 195
119 196
119 197
119 198
119 199
525 145
524 146
523 147
522 148
521 149
520 150
519 151
518 152
517 152
516 152
515 152
580 438
579 437
578 436
577 435
576 434
575 433
574 432
573 431
572 430
571 430
570 430
153 115
154 116
155 117
156 118
157 119
157 120
157 121
157 122
157 123
157 124
157 125
360 225
361 226
362 227
363 228
364 229
365 229
366 229
367 229
368 229
369 229
370 229
298 226
299 227
300 228
301 229
302 230
303 231
304 232
305 233
306 234
307 235
307 236
530 427
531 426
532 425
533 424
534 423
534 422
534 421
534 420
534 419
534 418
534 417
540 247
541 246
542 245
543 245
544 245
545 245
546 245
547 245
548 245
549 245
550 245
183 273
182 272
181 271
180 270
179 269
178 268
177 267
176 266
175 265
295 201
296 200
297 199
298 198
299 197
300 196
301 195
302 194
303 193
304 192
305 191
264 221
265 220
266 219
267 218
268 217
268 216
268 215
268 214
268 213
268 212
268 211
347 464
346 463
345 462
344 461
343 460
343 459
343 458
343 457
343 456
343 455
343 454
175 285
174 286
173 287
172 288
171 289
171 290
171 291
171 292
171 293
171 294
171 295
503 398
504 397
505 397
506 397
507 397
508 397
509 397
510 397
511 397
512 397
513 397
622 157
623 156
624 155
625 154
626 153
627 153
628 153
629 153
630 153
631 153
632 153
262 199
263 200
264 201
265 202
266 203
267 204
268 205
268 206
268 207
268 208
268 209
262 197
263 196
264 195
265 194
266 193
267 192
268 192
269 192
270 192
271 192
272 192
530 196
529 197
528 198
527 199
527 200
527 201
527 202
527 203
527 204
527 205
527 206
57 228
56 227
55 226
54 225
53 224
52 223
51 222
50 221
49 220
48 219
47 218
51 151
50 150
49 149
48 149
47 149
46 149
45 149
44 149
43 149
42 149
41 149
407 299
406 298
405 297
404 296
404 295
404 294
404 293
404 292
404 291
404 290
404 289
384 282
384 283
384 284
384 285
384 286
384 287
384 288
384 289
384 290
384 291
384 292
447 301
448 300
449 299
450 298
451 297
452 296
452 295
452 294
452 293
452 292
452 291
423 303
422 302
421 301
420 301
419 301
418 301
417 301
416 301
415 301
414 301
413 301
275 326
274 327
273 328
272 328
271 328
270 328
269 328
268 328
267 328
266 328
265 328
506 265
507 266
508 267
509 268
510 268
511 268
512 268
513 268
514 268
515 268
516 268
517 268
493 301
494 300
495 299
496 298
497 297
498 296
499 295
500 294
501 294
502 294
503 294
504 294
568 307
567 308
566 308
565 308
564 308
563 308
562 308
561 308
560 308
559 308
558 308
557 308
469 311
470 310
471 309
472 308
473 307
474 306
475 305
476 304
477 303
477 302
477 301
477 300
360 312
359 311
358 310
357 309
356 308
355 307
354 306
353 305
352 304
351 304
350 304
349 304
307 264
308 263
309 262
310 261
311 260
312 259
313 258
314 257
315 256
316 255
317 254
318 253
296 279
295 278
294 277
293 277
292 277
291 277
290 277
289 277
288 277
287 277
286 277
285 277
405 122
404 123
403 124
402 125
401 126
400 127
399 128
398 129
397 130
396 131
395 131
394 131
132 312
133 313
134 314
135 315
136 316
137 317
138 318
139 319
140 320
140 321
140 322
140 323
234 115
233 116
232 117
231 118
230 119
229 120
228 121
227 122
227 123
227 124
227 125
227 126
330 128
330 127
330 126
330 125
330 124
330 123
330 122
330 121
330 120
330 119
330 118
330 117
274 147
275 146
276 145
277 144
278 143
279 142
280 141
281 140
282 139
283 138
283 137
283 136
415 366
416 365
417 364
418 363
419 362
420 361
421 360
422 359
423 358
423 357
423 356
423 355
319 330
318 331
317 332
316 333
315 334
315 335
315 336
315 337
315 338
315 339
315 340
315 341
352 150
351 149
350 148
349 147
348 147
347 147
346 147
345 147
344 147
343 147
342 147
341 147
328 148
329 147
330 147
331 147
332 147
333 147
334 147
335 147
336 147
337 147
338 147
339 147
318 168
317 169
316 170
315 171
314 172
313 173
312 174
311 175
310 176
309 177
308 178
307 179
236 418
235 418
234 418
233 418
232 418
231 418
230 418
229 418
228 418
227 418
226 418
225 418
448 268
449 269
450 270
451 271
452 272
453 273
454 274
455 275
456 276
457 277
458 278
459 279
447 255
446 254
445 253
444 252
443 251
442 250
441 249
440 248
439 247
438 246
437 245
436 245
101 117
102 116
103 115
104 114
105 113
106 112
107 111
108 110
109 109
110 108
111 107
112 106
80 322
81 323
82 324
83 325
84 326
85 327
85 328
85 329
85 330
85 331
85 332
85 333
373 68
372 67
371 66
371 65
371 64
371 63
371 62
371 61
371 60
371 59
371 58
371 57
446 363
446 362
446 361
446 360
446 359
446 358
446 357
446 356
446 355
446 354
446 353
446 352
382 72
383 73
384 74
385 75
386 76
387 76
388 76
389 76
390 76
391 76
392 76
393 76
626 306
627 305
627 304
627 303
627 302
627 301
627 300
627 299
627 298
627 297
627 296
627 295
609 306
608 305
607 304
606 303
605 302
604 301
603 300
602 299
601 298
600 297
599 297
598 297
263 329
262 330
261 331
260 332
259 333
258 334
257 335
256 336
255 337
254 338
253 339
253 340
158 279
158 278
158 277
158 276
158 275
158 274
158 273
158 272
158 271
158 270
158 269
158 268
158 267
156 234
155 235
154 236
154 237
154 238
154 239
154 240
154 241
154 242
154 243
154 244
154 245
135 220
135 221
135 222
135 223
135 224
135 225
135 226
135 227
135 228
135 229
135 230
135 231
135 232
90 263
91 262
92 261
93 260
94 259
95 258
96 257
97 256
98 255
99 254
100 253
100 252
587 325
588 324
589 323
590 322
591 321
592 320
593 319
594 319
595 319
596 319
597 319
598 319
516 373
515 374
514 375
513 376
512 377
511 378
510 379
509 380
508 380
507 380
506 380
505 380
162 218
161 219
160 220
159 221
158 222
157 223
156 224
155 225
154 225
153 225
152 225
151 225
158 432
159 431
160 430
161 429
162 428
163 428
164 428
165 428
166 428
167 428
168 428
169 428
100 311
100 312
100 313
100 314
100 315
100 316
100 317
100 318
100 319
100 320
100 321
100 322
189 331
190 330
191 329
192 328
193 327
193 326
193 325
193 324
193 323
193 322
193 321
193 320
352 483
353 484
354 485
355 486
356 487
357 488
358 489
359 490
360 491
361 492
362 493
363 493
201 264
202 265
203 266
204 267
205 268
206 269
207 270
207 271
207 272
207 273
207 274
207 275
563 428
562 427
561 426
560 425
559 424
559 423
559 422
559 421
559 420
559 419
559 418
559 417
472 170
472 169
472 168
472 167
472 166
472 165
472 164
472 163
472 162
472 161
472 160
472 159
472 158
592 415
593 416
594 417
595 418
596 419
597 420
598 421
599 421
600 421
601 421
602 421
603 421
416 439
415 438
414 437
413 436
412 435
411 434
410 433
409 432
408 431
407 430
406 429
405 428
377 300
376 301
375 302
374 303
373 304
372 305
371 306
370 307
369 308
368 309
367 309
366 309
75 210
74 211
73 212
72 213
71 214
70 215
69 216
68 217
67 218
66 219
65 220
64 221
14 214
15 214
16 214
17 214
18 214
19 214
20 214
21 214
22 214
23 214
24 214
25 214
390 250
391 249
392 248
393 247
394 246
395 245
396 244
396 243
299 464
298 463
297 462
296 461
295 461
294 461
293 461
292 461
291 461
290 461
289 461
288 461
36 155
35 156
34 157
33 158
32 159
31 160
30 160
29 160
28 160
27 160
26 160
25 160
535 415
536 414
537 413
537 412
537 411
537 410
537 409
537 408
537 407
537 406
537 405
537 404
360 223
361 222
362 221
363 220
364 219
365 218
366 217
367 216
368 215
369 214
370 213
371 212
495 438
494 437
493 436
492 435
491 434
490 433
489 432
489 431
489 430
489 429
489 428
489 427
293 201
292 200
291 199
290 198
289 197
288 196
287 196
286 196
285 196
284 196
283 196
282 196
622 195
623 195
624 195
625 195
626 195
627 195
628 195
629 195
630 195
631 195
632 195
633 195
171 124
170 125
169 126
168 127
167 128
166 129
165 130
164 131
164 132
580 216
581 217
582 218
583 219
584 220
585 220
586 220
587 220
588 220
589 220
590 220
591 220
330 493
329 492
328 491
327 490
326 489
325 488
324 487
324 486
324 485
324 484
324 483
324 482
245 266
246 267
247 268
248 269
249 270
250 271
251 272
252 273
253 274
254 275
255 275
256 275
307 453
306 454
305 455
304 456
303 457
302 458
301 459
300 460
300 461
300 462
300 463
300 464
167 111
168 112
169 113
170 114
171 115
172 116
172 117
172 118
172 119
172 120
172 121
172 122
349 466
350 467
351 468
352 469
353 470
354 471
355 472
356 473
357 473
358 473
359 473
386 215
385 214
384 213
383 212
382 211
381 210
380 209
379 208
378 207
377 207
376 207
375 207
604 206
605 207
606 208
607 209
608 210
609 210
610 210
611 210
612 210
613 210
614 210
615 210
336 239
337 238
338 237
339 236
340 235
341 234
342 233
343 232
343 231
343 230
343 229
343 228
458 105
459 106
460 107
461 108
462 109
463 110
464 111
465 112
466 113
467 114
468 115
469 116
35 218
36 217
37 217
38 217
39 217
40 217
41 217
42 217
43 217
44 217
45 217
46 217
59 230
60 231
61 232
62 233
63 234
64 235
65 236
66 237
67 238
68 239
69 240
69 241
519 247
520 248
521 249
522 250
523 251
523 252
523 253
523 254
523 255
523 256
523 257
523 258
416 283
415 284
414 285
413 286
412 287
411 288
410 288
409 288
408 288
407 288
406 288
405 288
582 294
581 295
580 296
579 297
578 298
577 299
576 300
575 301
574 302
573 303
572 304
571 305
570 306
472 290
471 289
470 288
469 287
468 286
467 285
466 284
465 283
464 282
463 281
462 280
461 280
460 280
543 287
544 286
545 285
546 284
547 283
548 282
549 281
550 280
551 279
552 278
553 278
554 278
555 278
294 306
293 307
292 308
291 309
290 310
289 310
288 310
287 310
286 310
285 310
284 310
283 310
282 310
279 274
280 273
281 272
282 271
282 270
282 269
282 268
282 267
282 266
282 265
282 264
282 263
282 262
277 274
276 273
275 272
274 271
273 270
272 270
271 270
270 270
269 270
268 270
267 270
266 270
265 270
378 129
377 130
376 131
375 132
375 133
375 134
375 135
375 136
375 137
375 138
375 139
375 140
375 141
139 325
138 326
137 327
136 328
136 329
136 330
136 331
136 332
136 333
136 334
136 335
136 336
136 337
146 321
145 320
145 319
145 318
145 317
145 316
145 315
145 314
145 313
145 312
145 311
145 310
145 309
270 366
271 365
272 364
273 363
274 362
275 361
276 360
277 359
278 358
278 357
278 356
278 355
278 354
396 334
395 335
394 336
393 337
392 338
391 339
390 340
389 341
388 342
387 343
387 344
387 345
387 346
125 350
126 351
127 352
128 353
129 354
130 355
131 356
132 357
133 358
134 359
135 360
136 361
136 362
377 487
376 488
375 489
374 490
373 491
372 492
371 493
370 493
369 493
368 493
367 493
366 493
365 493
451 289
450 288
449 287
448 286
447 286
446 286
445 286
444 286
443 286
442 286
441 286
440 286
439 286
207 316
206 315
205 314
204 313
203 312
202 311
201 310
200 309
199 308
199 307
199 306
199 305
199 304
89 156
88 157
88 158
88 159
88 160
88 161
88 162
88 163
88 164
88 165
88 166
88 167
88 168
88 339
89 340
90 341
91 342
92 343
93 344
94 345
95 346
96 347
97 348
98 349
99 349
100 349
84 335
83 336
82 337
81 338
80 339
79 340
78 341
77 342
76 343
75 344
74 345
73 346
72 347
102 230
103 231
104 232
105 233
106 234
107 235
108 236
109 237
110 238
110 239
110 240
110 241
110 242
612 317
613 316
614 315
615 314
616 313
617 312
618 311
619 310
620 309
621 308
622 307
623 307
624 307
195 111
196 112
197 113
198 114
199 115
200 116
201 117
202 118
203 119
204 120
205 121
206 122
207 123
114 225
113 226
112 227
111 228
110 229
109 229
108 229
107 229
106 229
105 229
104 229
103 229
102 229
116 225
117 226
118 227
119 228
120 229
121 230
122 231
123 232
124 233
125 234
126 235
127 236
128 236
87 242
88 243
89 244
90 245
91 246
92 247
93 248
94 249
95 250
96 251
97 251
98 251
99 251
88 263
87 262
86 261
85 260
84 259
83 258
82 258
81 258
80 258
79 258
78 258
77 258
76 258
102 267
101 266
100 265
99 264
98 264
97 264
96 264
95 264
94 264
93 264
92 264
91 264
90 264
54 393
53 392
52 391
51 390
50 389
49 388
48 387
47 386
46 385
45 384
45 383
45 382
45 381
516 365
517 364
518 363
519 362
520 361
521 360
522 359
523 358
524 357
525 357
526 357
527 357
528 357
103 211
104 212
105 213
106 214
107 215
108 216
109 217
110 218
111 219
112 220
113 221
114 222
115 223
158 307
157 308
156 308
155 308
154 308
153 308
152 308
151 308
150 308
149 308
148 308
147 308
146 308
494 393
495 392
496 391
497 390
498 389
499 388
500 387
501 386
502 385
503 384
504 383
504 382
504 381
57 258
58 257
59 256
60 255
61 254
62 253
63 252
64 251
65 250
66 250
67 250
68 250
69 250
130 207
131 208
132 209
133 210
134 211
135 212
135 213
135 214
135 215
135 216
135 217
135 218
135 219
336 223
337 222
338 221
339 220
339 219
339 218
339 217
339 216
339 215
339 214
339 213
339 212
339 211
117 172
118 171
119 170
120 169
121 168
122 167
123 166
123 165
123 164
123 163
123 162
123 161
123 160
115 174
114 175
113 176
112 177
111 178
110 179
109 180
108 181
107 182
106 183
623 182
624 183
625 184
626 185
627 186
628 187
629 188
630 189
631 190
632 191
633 192
634 193
634 194
306 238
305 239
304 240
303 241
302 242
301 243
300 244
299 245
298 246
297 247
296 248
295 249
294 250
586 161
587 160
588 159
589 158
590 157
591 156
592 155
593 154
594 153
595 152
596 151
597 150
598 150
441 442
442 441
443 440
444 439
445 438
446 437
447 436
448 435
449 434
450 434
451 434
452 434
453 434
233 163
232 162
231 161
230 160
229 159
228 159
227 159
226 159
225 159
224 159
223 159
222 159
221 159
312 446
313 445
314 444
315 443
316 442
317 441
317 440
317 439
317 438
317 437
317 436
317 435
317 434
375 206
376 205
377 204
378 203
379 202
380 201
381 200
382 199
383 199
384 199
385 199
386 199
387 199
620 197
619 198
618 199
617 200
616 201
616 202
616 203
616 204
616 205
616 206
616 207
616 208
616 209
173 124
174 125
175 126
176 127
177 128
178 129
179 130
180 131
181 131
182 131
183 131
184 131
185 131
332 493
333 492
334 491
335 490
336 489
337 488
338 487
339 486
340 485
341 484
342 483
343 482
344 482
388 217
389 218
390 219
391 220
392 221
393 222
394 223
395 224
396 225
397 226
398 227
399 228
399 229
472 130
471 129
470 128
470 127
470 126
470 125
470 124
470 123
470 122
470 121
470 120
470 119
470 118
638 394
637 395
636 396
635 397
634 398
633 399
632 400
631 401
630 402
629 403
628 404
627 405
626 406
92 311
91 312
90 313
89 314
88 315
87 316
86 317
85 318
84 319
83 320
82 321
81 321
80 321
548 203
547 202
546 201
545 200
544 199
543 198
542 197
542 196
542 195
542 194
542 193
542 192
542 191
459 173
460 172
461 171
462 170
463 170
464 170
465 170
466 170
467 170
468 170
469 170
470 170
471 170
448 188
447 187
446 186
445 185
444 184
443 183
442 182
441 181
440 180
439 179
439 178
439 177
439 176
541 231
542 232
543 233
544 234
545 234
546 234
547 234
548 234
549 234
550 234
551 234
552 234
553 234
159 183
158 184
157 185
156 186
155 187
155 188
155 189
155 190
155 191
155 192
155 193
155 194
155 195
637 390
636 389
635 388
634 387
633 386
632 385
631 384
630 383
629 382
628 381
627 380
626 379
626 378
559 268
560 267
561 266
562 265
563 264
564 263
565 262
566 262
567 262
568 262
569 262
570 262
571 262
572 262
54 266
55 267
56 268
57 269
58 270
59 271
60 272
61 273
62 274
63 275
64 275
65 275
66 275
67 275
389 168
390 167
391 166
392 165
393 164
394 163
395 162
396 161
397 160
398 159
399 158
400 157
401 156
402 155
547 331
548 332
549 333
550 334
551 335
552 336
553 337
554 338
555 339
556 340
557 341
557 342
557 343
557 344
286 345
287 344
288 343
289 342
290 341
291 340
292 339
293 338
294 337
295 336
296 335
297 335
298 335
299 335
389 360
388 361
387 362
386 363
385 364
384 365
383 366
382 367
381 368
380 369
379 370
378 371
377 371
376 371
293 324
292 323
291 322
290 321
289 320
288 319
287 318
286 317
285 316
284 315
283 314
282 313
281 312
281 311
339 146
338 145
337 144
336 143
335 142
334 141
333 140
332 139
331 138
330 137
330 136
330 135
330 134
330 133
339 165
340 164
341 163
342 162
343 161
344 160
345 159
346 158
347 157
348 156
349 155
350 154
351 153
352 152
233 439
234 438
235 437
236 436
237 435
238 434
239 433
240 432
241 431
242 430
243 429
244 428
245 427
245 426
206 277
205 278
204 279
203 280
202 281
201 282
200 283
199 284
198 285
197 286
196 287
195 288
194 288
193 288
119 405
120 404
121 403
122 402
123 401
124 400
125 399
126 398
127 397
128 396
129 395
130 394
131 394
132 394
288 64
289 65
290 66
291 67
292 68
293 69
294 70
295 71
296 72
297 73
298 74
299 75
300 76
301 76
469 374
470 375
471 376
472 377
473 378
474 379
475 380
476 381
477 382
478 383
479 384
480 385
481 386
481 387
477 346
476 347
475 348
475 349
475 350
475 351
475 352
475 353
475 354
475 355
475 356
475 357
475 358
475 359
539 168
538 169
537 170
536 171
535 172
534 173
533 174
532 175
531 176
530 177
529 178
528 179
527 180
526 181
341 510
342 511
343 512
344 513
345 514
346 515
347 516
348 517
349 517
350 517
351 517
352 517
353 517
354 517
231 234
230 233
229 232
228 231
227 231
226 231
225 231
224 231
223 231
222 231
221 231
220 231
219 231
218 231
319 217
318 216
317 215
316 214
316 213
316 212
316 211
316 210
316 209
316 208
316 207
316 206
316 205
316 204
334 223
333 222
332 221
331 220
330 219
329 218
328 218
327 218
326 218
325 218
324 218
323 218
322 218
321 218
476 143
475 144
474 145
473 146
472 147
472 148
472 149
472 150
472 151
472 152
472 153
472 154
472 155
472 156
560 109
559 110
558 111
557 112
556 113
555 114
554 115
553 116
552 117
551 118
550 119
550 120
550 121
550 122
235 163
236 162
237 161
238 160
238 159
238 158
238 157
238 156
238 155
238 154
238 153
238 152
238 151
238 150
332 417
333 417
334 417
335 417
336 417
337 417
338 417
339 417
340 417
341 417
342 417
343 417
344 417
345 417
634 154
635 155
636 156
637 157
638 158
639 159
640 160
641 161
642 162
643 163
644 164
645 165
646 166
647 167
332 495
333 496
334 497
335 498
336 499
337 500
338 501
339 502
340 503
340 504
340 505
340 506
340 507
340 508
138 105
139 106
140 107
141 108
142 109
143 110
144 111
145 112
146 113
147 114
148 114
149 114
150 114
151 114
451 334
450 333
449 332
448 331
447 330
446 329
445 328
444 327
443 326
442 325
441 325
440 325
439 325
438 325
533 371
532 370
531 369
530 368
529 367
529 366
529 365
529 364
529 363
529 362
529 361
529 360
529 359
529 358
266 301
267 302
268 303
269 304
270 305
271 306
272 307
273 308
274 309
275 310
276 310
277 310
278 310
279 310
280 310
298 281
299 282
300 283
301 284
302 284
303 284
304 284
305 284
306 284
307 284
308 284
309 284
310 284
311 284
312 284
547 329
548 328
549 327
549 326
549 325
549 324
549 323
549 322
549 321
549 320
549 319
549 318
549 317
549 316
549 315
71 347
70 346
69 345
68 344
67 343
66 342
65 341
64 340
63 339
62 339
61 339
60 339
59 339
58 339
57 339
303 383
304 382
305 381
306 380
307 379
308 378
309 377
310 376
311 375
312 374
313 374
314 374
315 374
316 374
317 374
333 188
332 187
331 186
330 185
329 185
328 185
327 185
326 185
325 185
324 185
323 185
322 185
321 185
320 185
319 185
404 426
403 426
402 426
401 426
400 426
399 426
398 426
397 426
396 426
395 426
394 426
393 426
392 426
391 426
390 426
351 86
352 85
353 84
354 83
355 82
356 81
357 80
358 79
359 78
360 77
361 76
362 75
363 74
364 73
365 73
349 86
348 85
347 84
346 83
345 82
344 81
344 80
344 79
344 78
344 77
344 76
344 75
344 74
344 73
344 72
280 163
279 162
278 161
277 160
276 159
275 158
274 157
273 156
273 155
273 154
273 153
273 152
273 151
273 150
273 149
296 160
295 161
294 162
293 163
292 164
291 164
290 164
289 164
288 164
287 164
286 164
285 164
284 164
283 164
282 164
184 161
183 160
182 159
181 158
180 157
179 156
178 155
177 154
176 153
175 152
174 151
173 150
172 149
171 148
170 147
323 480
322 479
321 478
320 477
319 476
318 475
317 474
316 473
315 472
314 472
313 472
312 472
311 472
310 472
309 472
604 421
604 422
604 423
604 424
604 425
604 426
604 427
604 428
604 429
604 430
604 431
604 432
604 433
604 434
604 435
604 436
187 225
186 226
185 226
184 226
183 226
182 226
181 226
180 226
179 226
178 226
177 226
176 226
175 226
174 226
173 226
439 420
440 421
441 422
442 423
443 424
444 425
445 426
446 427
447 428
448 429
449 430
450 431
451 432
452 433
578 380
579 381
580 382
581 383
582 384
583 385
584 386
585 387
586 388
587 389
588 390
589 391
590 391
591 391
592 391
562 107
563 106
564 105
565 104
566 103
567 103
568 103
569 103
570 103
571 103
572 103
573 103
574 103
575 103
576 103
626 327
625 326
624 325
623 324
622 323
621 322
620 321
619 320
618 319
617 318
616 318
615 318
614 318
613 318
612 318
488 427
487 428
486 429
485 430
484 431
483 432
482 433
481 434
480 435
479 435
478 435
477 435
476 435
475 435
474 435
116 291
115 290
114 289
113 288
112 287
111 286
110 285
109 284
108 283
107 282
106 281
105 280
104 279
103 279
102 279
603 137
604 136
605 135
606 134
607 133
608 133
609 133
610 133
611 133
612 133
613 133
614 133
615 133
616 133
617 133
58 158
59 157
60 156
61 155
62 154
63 153
64 152
65 151
66 150
67 149
68 148
69 147
70 146
71 145
72 145
445 385
446 386
447 387
448 388
449 389
450 390
451 391
452 392
453 393
454 394
455 394
456 394
457 394
458 394
459 394
196 239
197 238
198 237
199 236
200 235
201 234
202 233
203 232
204 231
205 230
205 229
205 228
205 227
205 226
205 225
194 239
193 238
192 237
191 236
190 235
189 234
188 233
188 232
188 231
188 230
188 229
188 228
188 227
188 226
188 225
358 279
357 278
356 277
355 276
354 275
353 274
352 273
351 272
351 271
351 270
351 269
351 268
351 267
351 266
351 265
351 264
438 160
437 159
436 158
435 157
434 156
433 155
432 154
431 153
430 152
429 151
428 150
427 149
426 148
425 147
424 146
424 145
348 381
348 380
348 379
348 378
348 377
348 376
348 375
348 374
348 373
348 372
348 371
348 370
348 369
348 368
348 367
348 366
253 430
254 431
255 432
256 433
257 434
258 435
259 436
260 437
261 438
262 439
263 439
264 439
265 439
266 439
267 439
268 439
390 425
391 424
392 423
393 422
394 421
395 420
396 419
397 418
398 417
399 416
400 415
401 414
402 413
403 412
403 411
403 410
350 103
350 102
350 101
350 100
350 99
350 98
350 97
350 96
350 95
350 94
350 93
350 92
350 91
350 90
350 89
350 88
380 40
379 41
378 42
377 43
376 44
375 45
374 46
373 47
372 48
371 49
371 50
371 51
371 52
371 53
371 54
371 55
570 429
571 428
572 427
573 426
574 425
575 424
576 423
577 422
578 421
579 420
580 419
581 418
582 417
583 416
584 415
585 414
370 421
371 420
372 420
373 420
374 420
375 420
376 420
377 420
378 420
379 420
380 420
381 420
382 420
383 420
384 420
385 420
502 127
501 126
500 125
499 124
498 123
497 122
496 121
495 120
494 119
493 118
492 117
491 116
491 115
491 114
491 113
491 112
380 265
379 264
378 263
377 262
376 261
375 260
374 259
373 258
372 257
372 256
372 255
372 254
372 253
372 252
372 251
372 250
334 391
333 390
332 389
331 388
330 387
329 386
328 385
327 384
326 383
325 382
324 381
323 380
322 379
321 378
320 377
319 376
318 375
320 166
321 165
322 164
323 163
324 162
325 161
326 160
327 159
327 158
327 157
327 156
327 155
327 154
327 153
327 152
327 151
327 150
256 408
255 409
254 410
253 411
252 412
251 413
250 414
249 415
248 416
247 417
246 418
245 419
245 420
245 421
245 422
245 423
245 424
28 361
29 360
30 359
31 358
32 357
33 356
34 355
35 354
36 353
37 352
38 351
39 350
40 349
41 348
42 347
42 346
42 345
28 363
29 364
30 365
31 366
32 367
33 368
34 369
35 370
36 371
37 372
38 373
39 374
40 375
41 376
42 377
43 378
44 379
605 420
606 419
607 418
608 417
609 416
610 415
611 414
612 413
613 412
614 411
615 410
616 409
616 408
616 407
616 406
616 405
616 404
576 380
575 381
574 382
573 383
572 384
571 385
570 386
569 387
568 388
567 389
566 390
565 391
564 391
563 391
562 391
561 391
560 391
345 416
344 415
343 414
342 413
341 412
340 411
339 410
338 409
337 408
336 407
335 406
334 405
333 404
332 403
331 402
330 401
290 426
289 427
288 428
287 428
286 428
285 428
284 428
283 428
282 428
281 428
280 428
279 428
278 428
277 428
276 428
275 428
274 428
262 223
261 224
260 225
259 226
259 227
259 228
259 229
259 230
259 231
259 232
259 233
259 234
259 235
259 236
259 237
259 238
259 239
606 373
607 372
608 371
609 370
610 369
611 368
612 367
613 366
614 365
615 364
616 363
617 362
618 361
619 360
620 359
621 358
622 357
314 285
315 286
316 287
317 288
318 289
319 290
320 291
320 292
320 293
320 294
320 295
320 296
320 297
320 298
320 299
320 300
320 301
320 302
506 356
506 355
506 354
506 353
506 352
506 351
506 350
506 349
506 348
506 347
506 346
506 345
506 344
506 343
506 342
506 341
506 340
506 339
544 141
545 140
546 139
547 138
548 137
549 136
550 135
550 134
550 133
550 132
550 131
550 130
550 129
550 128
550 127
550 126
550 125
550 124
519 394
520 395
521 396
522 397
523 398
524 399
525 400
526 401
527 402
528 403
529 403
530 403
531 403
532 403
533 403
534 403
535 403
536 403
25 320
26 321
27 322
28 323
29 324
30 325
31 326
32 327
33 328
34 329
35 330
36 331
37 332
38 333
39 334
40 335
41 335
42 335
43 335
278 396
277 395
276 394
275 393
274 392
273 391
272 390
271 389
270 388
269 387
269 386
269 385
269 384
269 383
269 382
269 381
269 380
269 379
269 378
382 390
381 389
380 388
379 387
378 386
377 385
376 384
375 383
375 382
375 381
375 380
375 379
375 378
375 377
375 376
375 375
375 374
375 373
375 372
106 425
107 424
108 423
109 422
110 421
111 420
112 419
113 418
114 417
115 416
116 415
117 414
118 413
118 412
118 411
118 410
118 409
118 408
118 407
343 70
342 69
341 68
340 67
339 66
339 65
339 64
339 63
339 62
339 61
339 60
339 59
339 58
339 57
339 56
339 55
339 54
339 53
339 52
339 51
339 50
428 73
427 74
426 75
425 76
424 77
423 78
422 79
421 79
420 79
419 79
418 79
417 79
416 79
415 79
414 79
413 79
412 79
411 79
410 79
409 79
408 79
317 55
318 54
319 53
320 52
321 51
322 50
323 49
324 49
325 49
326 49
327 49
328 49
329 49
330 49
331 49
332 49
333 49
334 49
335 49
336 49
337 49
338 49
180 406
179 407
178 408
177 409
176 410
175 411
174 412
173 413
172 414
171 415
170 416
170 417
170 418
170 419
170 420
170 421
170 422
170 423
170 424
170 425
170 426
170 427
420 44
419 45
418 46
417 47
416 48
415 49
414 50
413 51
412 52
411 53
410 54
409 55
408 56
407 57
406 58
405 59
404 60
403 61
402 62
401 63
400 64
399 65
868
538 257
573 262
574 253
523 259
518 268
528 269
558 269
494 268
495 262
505 264
494 264
486 267
557 274
505 294
492 302
487 314
505 311
488 316
556 308
569 306
583 293
513 297
550 301
543 299
509 312
549 314
540 314
535 310
520 303
473 249
469 252
577 251
525 282
511 286
519 278
525 284
513 283
477 299
474 288
459 280
478 281
463 308
484 279
468 312
473 291
556 278
542 288
530 290
475 267
482 254
351 263
359 280
348 304
343 262
370 272
371 313
350 321
361 313
362 290
366 283
373 322
365 309
359 318
279 258
294 251
318 252
282 261
287 249
306 265
294 256
264 270
371 248
372 249
281 310
335 259
320 303
265 300
313 284
284 277
295 305
278 275
300 310
297 280
279 288
52 348
56 339
42 344
44 335
47 332
61 330
46 331
62 319
62 325
24 319
68 275
53 265
366 73
371 90
369 84
407 79
394 76
396 105
410 104
370 109
368 123
375 142
379 128
390 120
420 116
402 154
424 144
393 131
419 110
388 169
396 143
404 112
406 121
394 138
439 161
136 338
140 324
145 308
147 322
147 287
131 311
243 113
262 138
258 112
272 115
246 121
227 127
235 114
334 112
344 120
330 116
330 132
329 129
303 131
301 119
283 135
289 119
280 114
307 129
296 116
298 131
288 130
282 135
273 148
263 106
264 151
238 149
556 348
557 345
546 330
576 346
578 351
268 347
278 341
278 353
281 376
275 376
269 377
269 367
318 374
300 335
327 370
346 344
305 344
315 348
315 342
285 346
356 355
364 330
425 328
387 347
362 354
365 346
408 355
370 362
423 354
375 371
397 333
390 359
414 367
422 345
362 347
403 324
437 325
433 336
436 342
439 374
413 321
72 348
101 349
157 361
112 367
113 357
161 358
160 354
136 363
146 358
124 349
302 384
328 400
350 349
294 325
320 329
335 392
348 365
307 328
347 382
335 399
316 203
306 190
306 179
308 203
340 147
353 151
338 166
327 149
319 167
318 185
334 189
342 206
236 372
224 374
281 398
279 397
269 439
245 425
249 437
224 418
232 440
237 417
257 407
252 429
273 428
403 409
383 391
389 426
405 427
386 420
402 465
390 472
406 497
364 493
361 473
385 480
412 491
378 486
400 484
363 475
404 455
360 509
454 208
456 217
448 206
465 212
495 218
438 211
428 207
433 240
438 286
436 212
438 285
430 244
447 267
449 255
435 245
446 233
469 241
432 282
452 290
448 256
437 221
199 303
185 292
192 288
209 302
188 308
193 319
207 276
205 295
208 317
603 394
616 403
593 391
609 398
612 392
559 391
94 132
95 128
111 148
111 128
88 169
86 146
90 155
80 153
87 143
101 145
120 135
129 110
117 108
113 106
113 124
127 136
100 118
118 381
118 389
128 385
113 375
100 323
69 358
87 338
85 334
78 397
119 337
74 391
70 394
113 339
79 321
110 243
100 251
135 233
101 229
129 236
138 251
133 394
133 430
118 406
103 435
145 442
105 426
339 49
344 71
371 56
374 69
309 72
316 56
350 87
302 76
304 93
309 85
287 63
299 56
304 54
283 54
241 337
241 342
234 349
245 348
253 341
474 343
475 360
476 372
446 351
447 364
303 43
399 68
398 66
381 71
429 72
170 428
181 405
175 428
171 394
167 394
178 394
179 399
172 370
177 364
192 395
189 377
578 247
628 234
639 239
606 253
611 262
616 244
629 278
590 300
580 231
631 273
616 279
590 242
621 274
627 294
599 276
597 297
625 307
609 285
599 319
600 283
610 307
611 318
607 268
585 311
362 118
356 121
343 107
351 104
353 104
361 161
265 157
281 164
297 159
491 183
508 169
522 163
516 178
499 159
500 169
500 175
484 178
486 183
507 160
490 171
489 203
494 201
525 181
497 195
479 198
509 198
217 323
217 362
210 353
263 348
264 328
245 301
253 303
189 107
186 131
207 124
193 138
222 145
194 110
192 126
199 139
220 136
209 129
142 254
148 261
160 264
126 259
158 266
152 263
153 261
128 271
158 279
150 259
154 246
150 225
115 224
157 233
135 220
119 273
86 241
75 258
69 242
70 250
89 264
103 268
108 266
101 279
62 391
45 380
55 394
27 362
20 362
48 358
381 39
415 446
355 517
161 387
162 376
204 398
199 386
161 442
586 370
586 326
588 356
593 354
529 357
527 351
533 349
515 366
506 359
506 360
506 338
505 357
593 362
590 335
588 337
584 331
123 159
134 171
164 136
207 163
155 159
133 160
169 147
159 154
185 162
159 157
210 149
499 375
504 380
517 372
163 217
172 226
145 211
102 210
262 156
262 157
222 204
214 213
205 224
206 202
217 231
224 207
223 204
208 207
157 433
214 406
157 436
471 200
471 202
194 346
101 310
165 343
160 344
159 306
188 332
185 342
173 307
177 318
493 394
469 326
481 388
468 373
481 335
478 345
468 333
514 152
542 190
540 167
65 186
51 194
24 160
409 251
559 416
308 472
514 397
538 437
586 414
472 157
324 481
172 204
56 259
411 213
364 421
102 184
600 150
129 206
268 210
287 461
317 433
339 210
586 179
454 434
604 437
459 440
343 227
513 238
397 303
554 234
406 376
551 245
634 195
592 220
428 310
486 404
569 430
108 187
351 482
616 168
230 208
408 311
537 403
565 157
434 198
119 200
200 263
604 421
172 264
460 394
258 295
326 477
564 429
464 440
421 43
550 123
340 509
472 170
616 210
345 482
199 350
298 480
496 146
625 414
188 224
591 414
63 222
232 235
491 111
100 186
574 161
173 279
457 160
388 199
543 142
254 211
399 230
473 170
417 440
320 218
380 188
281 196
397 307
351 492
349 450
618 156
220 159
369 422
427 225
618 133
335 224
155 196
306 478
592 214
396 238
470 117
26 214
47 217
343 453
438 419
429 408
116 173
426 401
378 299
162 208
647 168
371 211
577 379
601 362
111 188
467 189
412 301
452 163
310 427
477 142
242 278
226 220
183 186
296 204
554 223
360 206
503 128
76 209
599 150
73 145
346 417
621 171
605 324
381 266
381 300
584 444
526 144
302 216
622 181
205 350
307 237
585 162
257 275
440 443
633 353
577 103
245 185
13 213
547 143
389 251
581 439
298 212
233 269
70 137
157 126
621 135
238 290
561 108
599 223
593 144
353 210
481 406
627 328
326 425
234 164
60 223
506 141
589 188
300 465
331 418
403 249
40 197
371 229
40 149
188 200
255 190
259 240
345 224
579 197
37 154
152 114
534 416
404 256
256 195
200 338
359 224
297 225
633 153
549 215
316 233
390 277
311 447
473 435
415 38
529 428
51 207
539 248
407 242
179 260
489 426
412 214
184 274
76 194
437 308
569 164
496 439
536 145
336 210
404 288
374 207
439 303
231 248
291 425
575 443
294 202
621 196
453 158
502 144
586 415
623 356
311 421
172 123
527 207
96 187
419 258
579 181
573 146
393 272
579 215
214 156
331 494
273 192
602 156
625 406
137 104
244 265
236 283
308 452
189 189
263 222
166 110
234 240
465 317
348 465
48 208
117 292
171 296
387 216
473 131
367 426
609 153
363 424
603 205
58 187
335 240
457 104
176 284
502 399
447 115
384 268
639 393
170 303
245 288
229 283
34 219
596 220
621 158
295 494
290 486
93 310
549 204
261 198
482 417
415 440
531 195
593 198
499 131
444 165
458 174
439 175
449 189
58 229
452 335
602 138
577 135
57 159
52 152
408 228
417 217
413 258
408 242
403 280
427 240
246 364
246 370
518 246
417 282
384 293
408 300
385 281
446 302
424 304
398 280
600 366
605 374
540 230
643 403
647 408
160 182
172 184
168 180
534 372
518 393
444 384
626 377
638 391
219 332
244 358
492 207
195 240
560 197
196 336
121 316
335 260
348 324
249 309
276 325
